# Mapping of copepod study samples

| Sample ID  |   Sample    | Overall alignment | 0 times | 1 time | >1 times |
|------------|-------------|-------------------|---------|--------|----------|
| ERR2131466 | None 65h    |       85.42%      |  14.58% | 74.38% |  11.04%  |
| ERR2131467 | None 65h    |       85.22%      |  14.78% | 74.05% |  11.17%  |
| ERR2131468 | None 65h    |       85.36%      |  14.64% | 73.73% |  11.63%  |
| ERR2131469 | Copepod 56h |       84.32%      |  15.68% | 73.06% |  11.26%  |
| ERR2131470 | Copepod 56h |       83.57%      |  16.43% | 71.65% |  11.92%  |
| ERR2131471 | Copepod 56h |       84.30%      |  15.70% | 72.72% |  11.58%  |
| ERR2131472 | None 89h    |       85.33%      |  14.67% | 74.64% |  10.69%  |
| ERR2131473 | None 89h    |       85.56%      |  14.44% | 74.39% |  11.17%  |
| ERR2131474 | None 89h    |       85.23%      |  14.77% | 73.74% |  11.49%  |
| ERR2131475 | Copepod 89h |       81.88%      |  18.12% | 70.91% |  10.97%  |
| ERR2131476 | Copepod 89h |       84.16%      |  15.84% | 71.76% |  12.40%  |
| ERR2131477 | Copepod 89h |       83.06%      |  16.94% | 71.02% |  12.05%  |
