# Mapping of Survivors of the Sea data

| Sample ID  |   Sample   | Overall alignment | 0 times | 1 time | >1 times |
|------------|------------|-------------------|---------|--------|----------|
| P18257_101 |  R05 0h    |       84.56       |  15.44  |  80.32 |   4.23   |
| P18257_102 |  R05 0h    |       84.80       |  15.20  |  80.56 |   4.25   |
| P18257_103 |  R05 0h    |       87.04       |  12.96  |  82.74 |   4.31   |
| P18257_104 |  GF04 0h   |       75.38       |  24.62  |  72.03 |   3.35   |
| P18257_105 |  GF04 0h   |       69.04       |  30.96  |  66.10 |   2.94   |
| P18257_106 |  GF04 0h   |       73.97       |  26.03  |  70.91 |   3.06   |
| P18257_107 |  R05 49d   |       82.81       |  17.19  |  78.24 |   4.57   |
| P18257_108 |  R05 49d   |       87.14       |  12.86  |  82.39 |   4.75   |
| P18257_109 |  R05 49d   |       84.98       |  15.02  |  80.42 |   4.56   |
| P18257_111 |  GF04 49d  |       74.75       |  25.25  |  70.95 |   3.80   |
| P18257_112 |  GF04 49d  |       75.12       |  24.88  |  71.19 |   3.93   |
| P18257_201 |  GF04 49d  |       71.57       |  28.43  |  67.91 |   3.66   |
| P18257_113 |  R05 56d   |       83.35       |  16.65  |  78.25 |   5.10   |
| P18257_114 |  R05 56d   |       84.29       |  15.71  |  79.35 |   4.95   |
| P18257_115 |  R05 56d   |       83.75       |  16.25  |  78.85 |   4.89   |
| P18257_116 |  GF04 56d  |       75.46       |  24.54  |  71.50 |   3.96   |
| P18257_117 |  GF04 56d  |       74.47       |  25.53  |  70.58 |   3.89   |
| P18257_118 |  GF04 56d  |       74.08       |  25.92  |  70.19 |   3.89   |
| P18257_119 |  R05 72d   |       86.83       |  13.17  |  81.79 |   5.04   |
| P18257_120 |  R05 72d   |       86.89       |  13.11  |  81.70 |   5.20   |
| P18257_121 |  R05 72d   |       84.25       |  15.75  |  79.45 |   4.80   |
| P18257_122 |  GF04 72d  |       72.18       |  27.82  |  68.50 |   3.68   |
| P18257_123 |  GF04 72d  |       68.98       |  31.02  |  65.47 |   3.51   |
| P18257_124 |  GF04 72d  |       74.63       |  25.37  |  70.79 |   3.84   |
| P18257_125 |  R05 91d   |       86.85       |  13.15  |  82.03 |   4.82   |
| P18257_126 |  R05 91d   |       86.61       |  13.39  |  81.62 |   4.99   |
| P18257_127 |  R05 91d   |       86.87       |  13.13  |  81.95 |   4.91   |
| P18257_128 |  GF04 91d  |       70.17       |  29.83  |  66.72 |   3.46   |
| P18257_129 |  GF04 91d  |       74.52       |  25.48  |  70.84 |   3.68   |
| P18257_130 |  GF04 91d  |       70.22       |  29.78  |  66.85 |   3.38   |
| P18257_131 |  R05 126d  |       80.07       |  19.93  |  76.07 |   4.00   |
| P18257_132 |  R05 126d  |       82.29       |  17.71  |  78.10 |   4.19   |
| P18257_133 |  R05 126d  |       86.49       |  13.51  |  81.98 |   4.50   |
| P18257_134 |  GF04 126d |       69.83       |  30.17  |  66.37 |   3.46   |
| P18257_135 |  GF04 126d |       71.63       |  28.37  |  68.10 |   3.54   |
| P18257_136 |  GF04 126d |       75.09       |  24.91  |  71.45 |   3.64   |
| P18257_138 |  R05 189d  |       81.19       |  18.81  |  76.58 |   4.61   |
| P18257_139 |  R05 189d  |       82.06       |  17.94  |  77.58 |   4.48   |
| P18257_140 |  GF04 189d |       74.57       |  25.43  |  70.92 |   3.65   |
| P18257_141 |  GF04 189d |       72.31       |  27.69  |  68.76 |   3.55   |
